0.0
0.0
0.0
0.0
0.0
0.0
0.0
0.0
0.0
0.0
0.0
0.0
0.0
0.0
0.0
0.0
0.0
0.0
0.0
0.0
0.0
0.0
0.0
0.0
0.0
0.0
0.0
0.0
0.0
0.0
0.0
0.0
0.0
0.0
0.0
0.0
0.0
0.0
0.0
0.0
0.0
0.0
0.0
0.0
0.0
0.0
0.0
0.0
0.0
0.0
0.0
0.0
0.0
0.0
0.0
0.0
0.0
0.0
0.0
0.0
0.0
0.0
0.0
0.0
0.0
0.0
0.0
0.010848790797699213
0.05821267841089152
0.10416482166170456
0.14876741210736275
0.1920790412049295
0.23415495709518835
0.2750472997169414
0.3148053163555726
0.35347555949947723
0.39110206867569125
0.4277265377579979
0.4633884690838258
0.4981253155775843
0.5319726119554032
0.564964095977534
0.5971318206181476
0.6285062579364865
0.6591163953569276
0.6889898249973989
0.7181528266247703
0.7466304447614335
0.7744465604185923
0.8016239578880965
0.8281843869854463
0.8541486211013416
0.879536511387413
0.8851737197217205
0.8756659265085789
0.8663602122039135
0.8572502020658594
0.8483297866909337
0.8395931083508577
0.8310345481650492
0.822648714049757
0.8144304293895261
0.8063747223809805
0.7984768160028304
0.7907321185695838
0.7831362148297153
0.7756848575720272
0.7683739597066744
0.7611995867898326
0.7541579499632759
0.7472453992822498
0.740458417406945
0.7337936136346679
0.7272477182514324
0.7208175771832005
0.7145001469283921
0.7082924897545554
0.7021917691432714
0.696195245468456
0.6903002718942204
0.6845042904793922
0.6788048284766464
0.6731994948149995
0.6676859767551557
0.6622620367078726
0.6569255092061549
0.6516742980226661
0.6465063734242972
0.6414197695563401
0.6364125819491814
0.6314829651408744
0.6266291304093554
0.6218493436084468
0.6171419231021514
0.6125052377920657
0.6079377052330521
0.6034377898325978
0.5990040011295539
0.5946348921482059
0.5903290578238519
0.5860851334962951
0.5819017934678529
0.5777777496226848
0.5737117501044184
0.5697025780492189
0.565749050371613
0.5618500166005187
0.5580043577630764
0.5542109853140094
0.5504688401083556
0.5467768914155421
0.5431341359728677
0.5395395970765715
0.5359923237087575
0.5324913896985334
0.5290358929158134
0.5256249544963066
0.5222577180962953
0.5189333491758752
0.5156510343093965
0.5124099805219108
0.5092094146504845
0.5060485827293003
0.5029267493975184
0.4998431973289205
0.49679722668240917
0.4937881545724751
0.4908153145587937
0.4878780561541487
0.48497574434991886
0.48210775915840176
0.4792734951712815
0.47647236113357894
0.47370377953245685
0.47096718620027656
0.4682620299313355
0.4655877721117371
0.4629438863618716
0.46032985819101
0.4577451846635332
0.4551893740763441
0.45266194564702555
0.4501624292123306
0.44769036493660674
0.4452453030297754
0.44282680347450193
0.44043443576221014
0.4380677786376073
0.4357264198514026
0.4334099559209122
0.4311179918982616
0.42885014114590286
0.4266060251191803
0.42438527315568797
0.4221875222711718
0.42001241696174024
0.4178596090121592
0.41572875731001063
0.41361952766550986
0.4115315926367796
0.40946463136038913
0.40741832938697586
0.4053923785217699
0.4033864766698544
0.4014003276859963
0.39943364122889224
0.39748613261967836
0.39555752270455846
0.3936475377214133
0.3917559091702545
0.38988237368739687
0.388026672923223
0.38618855342342323
0.38436776651359406
0.382564068187087
0.3807772189959991
0.3790069839452049
0.377253132389331
0.3755154379325768
0.37379367833129207
0.3720876353992224
0.37039709491533707
0.36872184653415896
0.3670616836985162
0.3654164035546411
0.36378580686954104
0.3621696979505729
0.3605678845671514
0.3589801778745254
0.35740639233956006
0.3558463456684621
0.35429985873639
0.3527667555188915
0.35124686302511327
0.349740011232731
0.3482460330245455
0.34676476412669793
0.34529604304845546
0.34383971102351957
0.3423956119528144
0.3409635923487107
0.33954350128064265
0.3381351903220791
0.3367385134988086
0.33535332723850103
0.33397949032150837
0.3326168638328708
0.3312653111154923
0.3299246977244532
0.32859489138242803
0.32727576193617686
0.32596718131408053
0.32466902348469057
0.32338116441626574
0.3221034820372677
0.32083585619778926
0.3195781686318904
0.3183303029208164
0.31709214445707384
0.3158635804093427
0.3146444996882006
0.3134347929126369
0.31223435237733776
0.31104307202071924
0.3098608473936892
0.30868757562911947
0.3075231554120086
0.30636748695031774
0.305220471946461
0.30408201356943465
0.30295201642756703
0.3018303865418743
0.3007170313200054
0.2996118595307623
0.2985147812791792
0.2974257079821477
0.2963445523445733
0.2952712283360509
0.2942056511680439
0.29314773727155696
0.29209740427528796
0.29105457098424853
0.29001915735884026
0.28899108449437677
0.28797027460103886
0.2869566509842537
0.2859501380254868
0.2849506611634366
0.283958146875622
0.28297252266035383
0.2819937170190802
0.2810216594390967
0.2800562803766133
0.2790975112401693
0.27814528437438724
0.27719953304405864
0.27626019141855307
0.27532719455654353
0.2744004783910397
0.273479979714723
0.2725656361655755
0.27165738621279634
0.27075516914299863
0.26985892504668074
0.26896859480496504
0.26808412007659854
0.2672054432852091
0.2663325076068117
0.26546525695755807
0.26460363598172587
0.26374759003994025
0.2628970651976235
0.2620520082136679
0.26121236652932567
0.26037808825731207
0.25954912217111703
0.2587254176945197
0.2579069248913024
0.2570935944551592
0.25628537769979465
0.2554822265492089
0.2546840935281644
0.25389093175283184
0.25310269492160914
0.25231933730611145
0.2515408137423281
0.25076707962194256
0.24999809088381195
0.24923380400560327
0.24847417599558216
0.24771916438455174
0.24696872721793742
0.24622282304801577
0.24548141092628356
0.24474445039596396
0.24401190148464774
0.24328372469706597
0.24255988100799195
0.24184033185526924
0.24112503913296351
0.24041396518463573
0.2397070727967337
0.23900432519210013
0.23830568602359448
0.2376111193678262
0.2369205897189974
0.2362340619828526
0.2355515014707333
0.23487287389373523
0.2341981453569664
0.23352728235390402
0.2328602517608477
0.23219702083146787
0.23153755719144686
0.2308818288332111
0.23022980411075253
0.22958145173453762
0.2289367407665022
0.22829564061513008
0.22765812103061442
0.22702415210010002
0.2263937042430046
0.22576674820641782
0.22514325506057706
0.22452319619441713
0.2239065433111941
0.22329326842418046
0.22268334385243133
0.2220767422166193
0.22147343643493778
0.2208733997190705
0.2202766055702265
0.21968302777523913
0.21909264040272833
0.218505417799324
0.21792133458595053
0.21734036565417034
0.2167624861625861
0.2161876715332998
0.21561589744842843
0.2150471398466746
0.21448137491995103
0.21391857911005882
0.21335872910541734
0.2128018018378454
0.21224777447939297
0.21169662443922213
0.21114832936053635
0.2106028671175575
0.21006021581254955
0.20952035377288836
0.20898325954817615
0.20844891190740053
0.20791728983613703
0.2073883725337941
0.20686213941090023
0.20633857008643225
0.20581764438518396
0.20529934233517474
0.20478364416509712
0.20427053030180262
0.2037599813678254
0.20325197817894294
0.2027465017417732
0.20224353325140734
0.2017430540890777
0.2012450458198605
0.20074949019041202
0.20025636912673878
0.1997656647319998
0.1992773592843418
0.19879143523476542
0.19830787520502305
0.19782666198554713
0.1973477785334084
0.19687120797030383
0.19639693358057386
0.19592493880924772
0.19545520726011748
0.19498772269383907
0.19452246902606118
0.19405943032558046
0.19359859081252284
0.19313993485655132
0.19268344697509848
0.19222911183162467
0.19177691423390014
0.19132683913231177
0.1908788716181935
0.19043299692218013
0.18998920041258407
0.18954746759379493
0.18910778410470122
0.18867013571713387
0.18823450833433164
0.1878008879894276
0.18736926084395608
0.18693961318638097
0.18651193143064346
0.18608620211473004
0.18566241189926008
0.18524054756609262
0.1848205960169518
0.18440254427207167
0.18398637946885846
0.18357208886057175
0.1831596598150228
0.1827490798132906
0.1823403364484555
0.18193341742434901
0.18152831055432114
0.1811250037600236
0.1807234850702095
0.18032374261954864
0.1799257646474591
0.1795295394969535
0.17913505561350096
0.17874230154390408
0.17835126593519035
0.17796193753351813
0.1775743051830973
0.17718835782512352
0.17680408449672655
0.17642147432993235
0.17604051655063838
0.17566120047760228
0.1752835155214438
0.17490745118365897
0.17453299705564768
0.17416014281775324
0.17378887823831435
0.17341919317272914
0.17305107756253135
0.17268452143447777
0.1723195148996478
0.1719560481525542
0.17159411147026463
0.17123369521153517
0.17087478981595397
0.17051738580309578
0.17016147377168747
0.16980704439878355
0.16945408843895204
0.1691025967234708
0.16875256015953333
0.16840396972946484
0.16805681648994783
0.16771109157125721
0.1673667861765049
0.16702389158089384
0.1666823991309807
0.16634230024394822
0.1660035864068861
0.16566624917608047
0.16533028017631268
0.16499567110016572
0.16466241370733978
0.16433049982397566
0.16399992134198663
0.16367067021839796
0.16334273847469488
0.16301611819617803
0.16269080153132656
0.16236678069116917
0.1620440479486624
0.16172259563807637
0.16140241615438788
0.16108350195268062
0.16076584554755252
0.16044943951253018
0.16013427647948988
0.159820349138086
0.1595076502351854
0.15919617257430912
0.15888590901508015
0.15857685247267786
0.1582689959172986
0.1579623323736228
0.1576568549202883
0.1573525566893692
0.1570494308658616
